[gd_scene load_steps=11 format=2]

[ext_resource path="res://levels/testlevel/RandomSheep.gd" type="Script" id=1]
[ext_resource path="res://src/Actors/Sheep/sheep.tscn" type="PackedScene" id=2]
[ext_resource path="res://3d_models/terrain/terrain.tscn" type="PackedScene" id=3]
[ext_resource path="res://src/dummy_first_person_controller.gd" type="Script" id=4]
[ext_resource path="res://src/Actors/Player/PlayerController.tscn" type="PackedScene" id=5]
[ext_resource path="res://src/Actors/Wolf/Wolf.tscn" type="PackedScene" id=6]
[ext_resource path="res://src/UI/minimap/minimap.tscn" type="PackedScene" id=7]
[ext_resource path="res://src/Actors/Sheep/flock.gd" type="Script" id=8]
[ext_resource path="res://src/Actors/Flag/Flag.tscn" type="PackedScene" id=9]

[sub_resource type="BoxShape" id=1]
extents = Vector3( 3.21825, 0.354563, 1.88858 )

[node name="testscene" type="Spatial"]
script = ExtResource( 1 )

[node name="Camera" type="Camera" parent="."]
transform = Transform( -0.999848, 0.00956929, -0.0145957, 0, 0.836287, 0.548291, 0.0174529, 0.548208, -0.83616, 1274.03, 33.9474, -474.466 )
fov = 50.0
near = 0.16
far = 5000.0
script = ExtResource( 4 )
sensitivity = 0.75

[node name="map2" parent="Camera" instance=ExtResource( 7 )]
transform = Transform( 0.617832, -0.0665398, -0.0408817, -0.0254412, 0.136725, -0.60702, 0.0738351, 0.603898, 0.132927, 0.911987, 0.583282, -1.93457 )
visible = false

[node name="terrain" parent="." instance=ExtResource( 3 )]

[node name="OculusFirstPerson" parent="." instance=ExtResource( 5 )]
transform = Transform( -4.37114e-08, 0, -1, 0, 1, 0, 1, 0, -4.37114e-08, 1250.94, -10.3276, -429.216 )

[node name="flock" type="Spatial" parent="."]
transform = Transform( 1, 0, 0, 0, 1, 0, 0, 0, 1, 1276.47, 0.0933461, -415.605 )
script = ExtResource( 8 )
Sheep = ExtResource( 2 )
target_flag_path = NodePath("../Flag")

[node name="StaticBody" type="StaticBody" parent="."]
transform = Transform( 1, 0, 0, 0, 1, 0, 0, 0, 1, 1250.94, -11.5975, -428.919 )
visible = false
collision_layer = 3

[node name="CollisionShape" type="CollisionShape" parent="StaticBody"]
shape = SubResource( 1 )

[node name="Wolf" parent="." instance=ExtResource( 6 )]
transform = Transform( 0.0586116, -0.0479258, -0.99713, 0.00281224, 0.998851, -0.0478432, 0.998277, 0, 0.0586791, 1215.46, -13.5954, -355.711 )

[node name="Wolf2" parent="." instance=ExtResource( 6 )]
transform = Transform( -0.324843, 0.0461612, 0.944641, 0.00281224, 0.998851, -0.0478432, -0.945764, -0.012885, -0.324599, 1322.4, -11.4156, -363.215 )

[node name="Flag" parent="." instance=ExtResource( 9 )]
transform = Transform( 1, 0, 0, 0, 1, 0, 0, 0, 1, 1273.61, -17.0555, -301.185 )
